2.03589606285 76.0
2.45595192909 75.0
2.90411996841 75.0
3.35193896294 76.0
3.56322407722 75.0
3.80036592484 75.0
4.24828696251 75.0
4.69594097137 75.0
5.14440798759 75.0
5.59291601181 76.0
6.04049611092 75.0
6.4888510704 75.0
6.93759894371 75.0
7.38496398926 75.0
7.83313798904 76.0
8.2818300724 75.0
8.72979807854 76.0
9.17740297318 75.0
9.62576413155 75.0
11.7516810894 75.0
12.0107750893 76.0
12.4581229687 76.0
12.9068980217 75.0
13.354954958 75.0
13.8025150299 75.0
14.2525720596 76.0
14.6997570992 76.0
15.1480000019 76.0
15.595993042 75.0
16.0434110165 75.0
16.4916679859 75.0
226.845148087 75.0
227.208513975 76.0
227.657016993 75.0
228.105570078 75.0
228.553360939 75.0
229.002171993 75.0
229.450248003 75.0
229.898391008 75.0
230.347101927 76.0
230.795449972 75.0
242.937120914 75.0
243.189451933 75.0
243.637687922 75.0
244.086266041 75.0
